My units are kT. Time: 0
Molecule #1
	POSITION: [0.000206897, -0.000413793, -0.000482759]
	ENERGY: 0.00494129
	FORCE: 0.00072349, [-0.000537635 -0.000423847 -0.000233967]
	TORQUE: 2.03503e-06, [-4.31343e-05 -0.000822915 0.00078854]
Molecule #2
	POSITION: [12.0002, 11.9996, 11.9995]
	ENERGY: 0.00496847
	FORCE: 0.000737173, [0.000535151 0.000445966 0.000241146]
	TORQUE: 8.2822e-06, [0.00196746 0.00132961 -0.00398844]
