My units are kT. Time: 0
Molecule #1 radius: 1.37409
	POSITION: [0, 2.83333, 0]
	ENERGY: -49.6502
	FORCE: 10.7461, [-7.01853e-16 -10.7461 -5.19646e-16]
	TORQUE: 5.37788e-19, [-3.46351e-16 3.55332e-32 -9.61802e-17]
Molecule #2 radius: 1.37409
	POSITION: [0, -2.16667, 0]
	ENERGY: -49.6502
	FORCE: 10.7461, [7.01853e-16 10.7461 5.13757e-16]
	TORQUE: 2.79704e-19, [-1.04511e-16 1.42409e-32 -1.55014e-16]
